               0.0007999670635           86570.0000000000000
               0.0026574256695          117731.8495435107179
               0.0031105898314          127748.1583253534627
               0.0035400303558          137764.4671071961930
               0.0039603279586          147780.7758890389232
               0.0043752456949          157797.0846708816534
               0.0047872003896          167813.3934527243837
               0.0052026925221          177829.7022345671139
               0.0056318388436          187846.0110164098442
               0.0060815073756          197862.3197982525744
               0.0098833566380          260304.4260789013933
               0.0136852059005          285073.3017688397085
               0.0174870551629          293652.6888746839832
               0.0212889044253          297889.9018965404830
               0.0250907536878          300837.5887839327916
               0.0288926029502          304693.5574752993998
               0.0326944522127          306952.8827878486481
               0.0364963014751          308353.6691948036896
               0.0402981507376          309025.7831226760754
               0.0441000000000          309154.6395965051488
               0.0468900000000          308994.7120354362996
               0.0496800000000          308696.2756389006390
               0.0524700000000          308271.9230958646513
               0.0552600000000          307771.1677852376015
               0.0580500000000          307192.1981636714190
               0.0608400000000          306503.9222724837018
               0.0636300000000          305658.0891345901764
               0.0664200000000          304870.0311187975458
               0.0692100000000          304132.5128061609576
               0.0720000000000          303370.7257541228319
               0.0747900000000          302528.6837714844733
               0.0775800000000          301638.2879837592482
               0.0803700000000          300857.8319574446068
               0.0831600000000          300208.3414761262247
               0.0859500000000          299485.4481523298309
               0.0887400000000          298660.6025743205100
               0.0915300000000          297814.8956182816764
               0.0943200000000          297098.5054652023828
               0.0971100000000          296469.9700946704252
               0.0998000000000          295844.0625805909513
