               0.0000000000000           86570.0000000000000
               0.0001000000000           86570.0000000000000
               0.0002000000000           86570.0000000000000
               0.0003000000000           86570.0000000000000
               0.0004000000000           86570.0000000000000
               0.0005000000000           86570.0000000000000
               0.0006000000000           86570.0000000000000
               0.0007000000000           86570.0000000000000
               0.0008000000000           86570.3645385691780
               0.0009000000000           87713.8154808555410
               0.0010000000000           88929.2131461184763
               0.0011000000000           90214.5391606416815
               0.0012000000000           91567.7751507088542
               0.0013000000000           92986.9027426036773
               0.0014000000000           94469.9035626098484
               0.0015000000000           96014.7592370110506
               0.0016000000000           97619.4513920909958
               0.0017000000000           99281.9616541333526
               0.0018000000000          101000.2716494218184
               0.0019000000000          102772.3630042400910
               0.0020000000000          104596.2173448718531
               0.0021000000000          106469.8162976008025
               0.0022000000000          108391.1414887106366
               0.0023000000000          110358.1745444850385
               0.0024000000000          112368.8970912076911
               0.0025000000000          114421.2907551622920
               0.0026000000000          116513.3371626325534
               0.0027000000000          118643.0257837817189
               0.0028000000000          120808.6092988177406
               0.0029000000000          123008.6599571257102
               0.0030000000000          125241.7692569783831
               0.0031000000000          127506.5286966485291
               0.0032000000000          129801.0962259314547
               0.0033000000000          132121.2421896599699
               0.0034000000000          134461.9194200002821
               0.0035000000000          136818.0800287678430
               0.0036000000000          139184.8511124242796
               0.0037000000000          141559.9812065364968
               0.0038000000000          143943.2384481269983
               0.0039000000000          146334.4430186030804
               0.0040000000000          148733.4111169726530
               0.0041000000000          151139.8010839142371
               0.0042000000000          153553.0644188167062
               0.0043000000000          155972.6386172320636
               0.0044000000000          158397.9569956377964
               0.0045000000000          160827.9346598109114
               0.0046000000000          163260.4734556213371
               0.0047000000000          165693.3578546795470
               0.0048000000000          168124.3717378526635
               0.0049000000000          170550.8970231884450
               0.0050000000000          172969.2146918810904
               0.0051000000000          175375.4189306941989
               0.0052000000000          177765.6039263913408
               0.0053000000000          180136.2961449689756
               0.0054000000000          182485.8966996274248
               0.0055000000000          184813.3147587320127
               0.0056000000000          187117.4594998061366
               0.0057000000000          189397.2775484165759
               0.0058000000000          191652.1280732458399
               0.0059000000000          193881.6259630905406
               0.0060000000000          196085.3899234659912
               0.0061000000000          198263.0389541221084
               0.0062000000000          200414.2682834183797
               0.0063000000000          202538.9505809038237
               0.0064000000000          204636.9837096481060
               0.0065000000000          206708.2655327210668
               0.0066000000000          208752.6939131924300
               0.0067000000000          210770.1667141318903
               0.0068000000000          212760.5817986092297
               0.0069000000000          214723.8370296942012
               0.0070000000000          216659.8302704565285
               0.0071000000000          218568.4593839659647
               0.0072000000000          220449.6222332922334
               0.0073000000000          222303.2166815050878
               0.0074000000000          224129.1405916742806
               0.0075000000000          225927.2918268695357
               0.0076000000000          227697.5682501606643
               0.0077000000000          229439.8677246173320
               0.0078000000000          231154.0881133092917
               0.0079000000000          232840.1272793063545
               0.0080000000000          234497.8830856781569
               0.0081000000000          236127.2533954945102
               0.0082000000000          237728.1360718251963
               0.0083000000000          239300.4289777398517
               0.0084000000000          240844.0299763083167
               0.0085000000000          242358.8369306002860
               0.0086000000000          243844.7477036854834
               0.0087000000000          245301.6601586337492
               0.0088000000000          246729.4721585147199
               0.0089000000000          248128.0815663981775
               0.0090000000000          249497.3862453539041
               0.0091000000000          250837.2840584515943
               0.0092000000000          252147.6728687610012
               0.0093000000000          253428.4505393518484
               0.0094000000000          254679.5149332939181
               0.0095000000000          255900.7639136569633
               0.0096000000000          257092.0953435107076
               0.0097000000000          258253.4070859248750
               0.0098000000000          259384.5970039692475
               0.0099000000000          260485.5634754723287
               0.0100000000000          261556.3800179961254
               0.0101000000000          262597.5497586203273
               0.0102000000000          263609.6404941747314
               0.0103000000000          264593.2200214893674
               0.0104000000000          265548.8561373941484
               0.0105000000000          266477.1166387188714
               0.0106000000000          267378.5693222935661
               0.0107000000000          268253.7819849480293
               0.0108000000000          269103.3224235122907
               0.0109000000000          269927.7584348161472
               0.0110000000000          270727.6578156896285
               0.0111000000000          271503.5883629625896
               0.0112000000000          272256.1178734649438
               0.0113000000000          272985.8141440265463
               0.0114000000000          273693.2449714773684
               0.0115000000000          274378.9781526473816
               0.0116000000000          275043.5814843663829
               0.0117000000000          275687.6227634642855
               0.0118000000000          276311.6697867711191
               0.0119000000000          276916.2903511166805
               0.0120000000000          277502.0522533309413
               0.0121000000000          278069.5232902437565
               0.0122000000000          278619.2712586850976
               0.0123000000000          279151.8639554848196
               0.0124000000000          279667.8691774728941
               0.0125000000000          280167.8547214792343
               0.0126000000000          280652.3883843336953
               0.0127000000000          281122.0379628661904
               0.0128000000000          281577.3712539066910
               0.0129000000000          282018.9560542850522
               0.0130000000000          282447.3601608311874
               0.0131000000000          282863.1513703750679
               0.0132000000000          283266.8974797464907
               0.0133000000000          283659.1662857754854
               0.0134000000000          284040.5255852919072
               0.0135000000000          284411.5431751256692
               0.0136000000000          284772.7868521067430
               0.0137000000000          285124.8242019930040
               0.0138000000000          285468.1250442469609
               0.0139000000000          285802.9063751946087
               0.0140000000000          286129.3448662115261
               0.0141000000000          286447.6171886734082
               0.0142000000000          286757.9000139558339
               0.0143000000000          287060.3700134344399
               0.0144000000000          287355.2038584849215
               0.0145000000000          287642.5782204828574
               0.0146000000000          287922.6697708039428
               0.0147000000000          288195.6551808237564
               0.0148000000000          288461.7111219179351
               0.0149000000000          288721.0142654621159
               0.0150000000000          288973.7412828319357
               0.0151000000000          289220.0688454030314
               0.0152000000000          289460.1736245510401
               0.0153000000000          289694.2322916516569
               0.0154000000000          289922.4215180804022
               0.0155000000000          290144.9179752129712
               0.0156000000000          290361.8983344250009
               0.0157000000000          290573.5392670921283
               0.0158000000000          290780.0174445899902
               0.0159000000000          290981.5095382942236
               0.0160000000000          291178.1922195804073
               0.0161000000000          291370.2421598242363
               0.0162000000000          291557.8360304012895
               0.0163000000000          291741.1505026873201
               0.0164000000000          291920.3622480577906
               0.0165000000000          292095.6479378885124
               0.0166000000000          292267.1842435549479
               0.0167000000000          292435.1478364329087
               0.0168000000000          292599.7153878978570
               0.0169000000000          292761.0635693255463
               0.0170000000000          292919.3690520916134
               0.0171000000000          293074.8085075715790
               0.0172000000000          293227.5586071411963
               0.0173000000000          293377.7960221760441
               0.0174000000000          293525.6974240517593
               0.0175000000000          293671.4394271698548
               0.0176000000000          293815.1610306572402
               0.0177000000000          293956.8986408490455
               0.0178000000000          294096.6713351414655
               0.0179000000000          294234.4981909306371
               0.0180000000000          294370.3982856126968
               0.0181000000000          294504.3906965838978
               0.0182000000000          294636.4945012404351
               0.0183000000000          294766.7287769783870
               0.0184000000000          294895.1126011940069
               0.0185000000000          295021.6650512833730
               0.0186000000000          295146.4052046427969
               0.0187000000000          295269.3521386684151
               0.0188000000000          295390.5249307563645
               0.0189000000000          295509.9426583028398
               0.0190000000000          295627.6243987040361
               0.0191000000000          295743.5892293560901
               0.0192000000000          295857.8562276552548
               0.0193000000000          295970.4444709976087
               0.0194000000000          296081.3730367794051
               0.0195000000000          296190.6610023968387
               0.0196000000000          296298.3274452459882
               0.0197000000000          296404.3914427231066
               0.0198000000000          296508.8720722243306
               0.0199000000000          296611.7884111459134
               0.0200000000000          296713.1595368839335
               0.0201000000000          296813.0045268346439
               0.0202000000000          296911.3424583941814
               0.0203000000000          297008.1924089587410
               0.0204000000000          297103.5734559244593
               0.0205000000000          297197.5046766875894
               0.0206000000000          297290.0051486442098
               0.0207000000000          297381.0939491906320
               0.0208000000000          297470.7901557229343
               0.0209000000000          297559.1128456373117
               0.0210000000000          297646.0810963299009
               0.0211000000000          297731.7139851969550
               0.0212000000000          297816.0305896346690
               0.0213000000000          297899.0500009831740
               0.0214000000000          297980.8052516233292
               0.0215000000000          298061.3694935798412
               0.0216000000000          298140.8230520142824
               0.0217000000000          298219.2462520885165
               0.0218000000000          298296.7194189642323
               0.0219000000000          298373.3228778032353
               0.0220000000000          298449.1369537671562
               0.0221000000000          298524.2419720178004
               0.0222000000000          298598.7182577169151
               0.0223000000000          298672.6461360262474
               0.0224000000000          298746.1059321075445
               0.0225000000000          298819.1779711225536
               0.0226000000000          298891.9425782329636
               0.0227000000000          298964.4800786005799
               0.0228000000000          299036.8707973870914
               0.0229000000000          299109.1950597542454
               0.0230000000000          299181.5331908638473
               0.0231000000000          299253.9655158775859
               0.0232000000000          299326.5723599572666
               0.0233000000000          299399.4340482645202
               0.0234000000000          299472.6309059612104
               0.0235000000000          299546.2432582089677
               0.0236000000000          299620.3514301696559
               0.0237000000000          299695.0357470049057
               0.0238000000000          299770.3765338765224
               0.0239000000000          299846.4541159461951
               0.0240000000000          299923.3488183757290
               0.0241000000000          300001.1409663268714
               0.0242000000000          300079.9108849613112
               0.0243000000000          300159.7388994408539
               0.0244000000000          300240.7053349271300
               0.0245000000000          300322.8905165820033
               0.0246000000000          300406.3747695671627
               0.0247000000000          300491.2384190444136
               0.0248000000000          300577.5617901753867
               0.0249000000000          300665.4252081218874
               0.0250000000000          300754.9089980456629
               0.0251000000000          300846.0934612965793
               0.0252000000000          300939.0197202209383
               0.0253000000000          301033.6098818572937
               0.0254000000000          301129.7635378063424
               0.0255000000000          301227.3802796687232
               0.0256000000000          301326.3596990450751
               0.0257000000000          301426.6013875360368
               0.0258000000000          301528.0049367421889
               0.0259000000000          301630.4699382642866
               0.0260000000000          301733.8959837028524
               0.0261000000000          301838.1826646586414
               0.0262000000000          301943.2295727321762
               0.0263000000000          302048.9362995240954
               0.0264000000000          302155.2024366351543
               0.0265000000000          302261.9275756658753
               0.0266000000000          302369.0113082170137
               0.0267000000000          302476.3532258890918
               0.0268000000000          302583.8529202827485
               0.0269000000000          302691.4099829986808
               0.0270000000000          302798.9240056375274
               0.0271000000000          302906.2945797999273
               0.0272000000000          303013.4212970864610
               0.0273000000000          303120.2037490978255
               0.0274000000000          303226.5415274346597
               0.0275000000000          303332.3342236975441
               0.0276000000000          303437.4814294871758
               0.0277000000000          303541.8827364041354
               0.0278000000000          303645.4377360491198
               0.0279000000000          303748.0460200227099
               0.0280000000000          303849.6071799256024
               0.0281000000000          303950.0208073583781
               0.0282000000000          304049.1864939217339
               0.0283000000000          304147.0038312162505
               0.0284000000000          304243.3724108426250
               0.0285000000000          304338.1918244014378
               0.0286000000000          304431.3616634933860
               0.0287000000000          304522.7815197190503
               0.0288000000000          304612.3509846790694
               0.0289000000000          304699.9696599721792
               0.0290000000000          304785.5677068198565
               0.0291000000000          304869.1733150084619
               0.0292000000000          304950.8342904562014
               0.0293000000000          305030.5984390815138
               0.0294000000000          305108.5135668027797
               0.0295000000000          305184.6274795382633
               0.0296000000000          305258.9879832063452
               0.0297000000000          305331.6428837253479
               0.0298000000000          305402.6399870137102
               0.0299000000000          305472.0270989896962
               0.0300000000000          305539.8520255716867
               0.0301000000000          305606.1625726780621
               0.0302000000000          305671.0065462270868
               0.0303000000000          305734.4317521371995
               0.0304000000000          305796.4859963267227
               0.0305000000000          305857.2170847140369
               0.0306000000000          305916.6728232174064
               0.0307000000000          305974.9010177552118
               0.0308000000000          306031.9494742458337
               0.0309000000000          306087.8659986076527
               0.0310000000000          306142.6983967589331
               0.0311000000000          306196.4944746180554
               0.0312000000000          306249.3020381034003
               0.0313000000000          306301.1688931333483
               0.0314000000000          306352.1428456261056
               0.0315000000000          306402.2717015001690
               0.0316000000000          306451.6032666738611
               0.0317000000000          306500.1853470655042
               0.0318000000000          306548.0657485934207
               0.0319000000000          306595.2922771759913
               0.0320000000000          306641.9127387315966
               0.0321000000000          306687.9749391785008
               0.0322000000000          306733.5266844351427
               0.0323000000000          306778.6157804198447
               0.0324000000000          306823.2900330509292
               0.0325000000000          306867.5972482468351
               0.0326000000000          306911.5852319257683
               0.0327000000000          306955.3017883547582
               0.0328000000000          306998.7833559801802
               0.0329000000000          307042.0278598408913
               0.0330000000000          307085.0250752660795
               0.0331000000000          307127.7647775849910
               0.0332000000000          307170.2367421266972
               0.0333000000000          307212.4307442205027
               0.0334000000000          307254.3365591954789
               0.0335000000000          307295.9439623808721
               0.0336000000000          307337.2427291058120
               0.0337000000000          307378.2226346995449
               0.0338000000000          307418.8734544912004
               0.0339000000000          307459.1849638099666
               0.0340000000000          307499.1469379850314
               0.0341000000000          307538.7491523455828
               0.0342000000000          307577.9813822207507
               0.0343000000000          307616.8334029397811
               0.0344000000000          307655.2949898318620
               0.0345000000000          307693.3559182261233
               0.0346000000000          307731.0059634516947
               0.0347000000000          307768.2349008379388
               0.0348000000000          307805.0325057138107
               0.0349000000000          307841.3885534086730
               0.0350000000000          307877.2928192516556
               0.0351000000000          307912.7350785718299
               0.0352000000000          307947.7051066985587
               0.0353000000000          307982.1926789608551
               0.0354000000000          308016.1875706880237
               0.0355000000000          308049.6795572091942
               0.0356000000000          308082.6584138534963
               0.0357000000000          308115.1139159502345
               0.0358000000000          308147.0358388284803
               0.0359000000000          308178.4139578174218
               0.0360000000000          308209.2380482463050
               0.0361000000000          308239.4978854442597
               0.0362000000000          308269.1832447404740
               0.0363000000000          308298.2839014641359
               0.0364000000000          308326.7896309444332
               0.0365000000000          308354.6902086580521
               0.0366000000000          308381.9786613418837
               0.0367000000000          308408.6596569202957
               0.0368000000000          308434.7404677410959
               0.0369000000000          308460.2283661523252
               0.0370000000000          308485.1306245019077
               0.0371000000000          308509.4545151377097
               0.0372000000000          308533.2073104078299
               0.0373000000000          308556.3962826600764
               0.0374000000000          308579.0287042424316
               0.0375000000000          308601.1118475028779
               0.0376000000000          308622.6529847892816
               0.0377000000000          308643.6593884496251
               0.0378000000000          308664.1383308318327
               0.0379000000000          308684.0970842838869
               0.0380000000000          308703.5429211537121
               0.0381000000000          308722.4831137892324
               0.0382000000000          308740.9249345383723
               0.0383000000000          308758.8756557491142
               0.0384000000000          308776.3425497693825
               0.0385000000000          308793.3328889471013
               0.0386000000000          308809.8539456302533
               0.0387000000000          308825.9129921667627
               0.0388000000000          308841.5173009044956
               0.0389000000000          308856.6741441915510
               0.0390000000000          308871.3907943757367
               0.0391000000000          308885.6745238050353
               0.0392000000000          308899.5326048273710
               0.0393000000000          308912.9723097907845
               0.0394000000000          308926.0009110430838
               0.0395000000000          308938.6256809322513
               0.0396000000000          308950.8538918062695
               0.0397000000000          308962.6928160130628
               0.0398000000000          308974.1497259004973
               0.0399000000000          308985.2318938166718
               0.0400000000000          308995.9465921093943
               0.0401000000000          309006.3010931266472
               0.0402000000000          309016.3026692163548
               0.0403000000000          309025.9585927202716
               0.0404000000000          309035.2750984483282
               0.0405000000000          309044.2544949653675
               0.0406000000000          309052.8981622574502
               0.0407000000000          309061.2074803104624
               0.0408000000000          309069.1838291104068
               0.0409000000000          309076.8285886431695
               0.0410000000000          309084.1431388946366
               0.0411000000000          309091.1288598508690
               0.0412000000000          309097.7871314978111
               0.0413000000000          309104.1193338212906
               0.0414000000000          309110.1268468073104
               0.0415000000000          309115.8110504418146
               0.0416000000000          309121.1733247107477
               0.0417000000000          309126.2150496001123
               0.0418000000000          309130.9376050957362
               0.0419000000000          309135.3423711836222
               0.0420000000000          309139.4307278497145
               0.0421000000000          309143.2040550798993
               0.0422000000000          309146.6637328602374
               0.0423000000000          309149.8111411765567
               0.0424000000000          309152.6476600148599
               0.0425000000000          309155.1746693610330
               0.0426000000000          309157.3935492010787
               0.0427000000000          309159.3056795209413
               0.0428000000000          309160.9124403065653
               0.0429000000000          309162.2152115438366
               0.0430000000000          309163.2153732186998
               0.0431000000000          309163.9143053171574
               0.0432000000000          309164.3133878251538
               0.0433000000000          309164.4140007285750
               0.0434000000000          309164.2175240133656
               0.0435000000000          309163.7253376654699
               0.0436000000000          309162.9388216708903
               0.0437000000000          309161.8593560155714
               0.0438000000000          309160.4883206853410
               0.0439000000000          309158.8270956662600
               0.0440000000000          309156.8770609442145
               0.0441000000000          309154.6395965051488
               0.0442000000000          309152.1166731675039
               0.0443000000000          309149.3126250797650
               0.0444000000000          309146.2323772228556
               0.0445000000000          309142.8808545776992
               0.0446000000000          309139.2629821252194
               0.0447000000000          309135.3836848464562
               0.0448000000000          309131.2478877222748
               0.0449000000000          309126.8605157336569
               0.0450000000000          309122.2264938615845
               0.0451000000000          309117.3507470868644
               0.0452000000000          309112.2382003905950
               0.0453000000000          309106.8937787536415
               0.0454000000000          309101.3224071569857
               0.0455000000000          309095.5290105815511
               0.0456000000000          309089.5185140083195
               0.0457000000000          309083.2958424181561
               0.0458000000000          309076.8659207921010
               0.0459000000000          309070.2336741110194
               0.0460000000000          309063.4040273559513
               0.0461000000000          309056.3819055077620
               0.0462000000000          309049.1722335474333
               0.0463000000000          309041.7799364558887
               0.0464000000000          309034.2099392140517
               0.0465000000000          309026.4671668029623
               0.0466000000000          309018.5565442034858
               0.0467000000000          309010.4829963966040
               0.0468000000000          309002.2514483632403
               0.0469000000000          308993.8668240343104
               0.0470000000000          308985.3326539723785
               0.0471000000000          308976.6483285350841
               0.0472000000000          308967.8124726201640
               0.0473000000000          308958.8237111251801
               0.0474000000000          308949.6806689476944
               0.0475000000000          308940.3819709854433
               0.0476000000000          308930.9262421359308
               0.0477000000000          308921.3121072968352
               0.0478000000000          308911.5381913657184
               0.0479000000000          308901.6031192402588
               0.0480000000000          308891.5055158180185
               0.0481000000000          308881.2440059966757
               0.0482000000000          308870.8172146737925
               0.0483000000000          308860.2237667469890
               0.0484000000000          308849.4622871138854
               0.0485000000000          308838.5314006721601
               0.0486000000000          308827.4297323193168
               0.0487000000000          308816.1559069530340
               0.0488000000000          308804.7085494709318
               0.0489000000000          308793.0862847706303
               0.0490000000000          308781.2877377497498
               0.0491000000000          308769.3115333058522
               0.0492000000000          308757.1562963365577
               0.0493000000000          308744.8206517396029
               0.0494000000000          308732.3032244124333
               0.0495000000000          308719.6026392527856
               0.0496000000000          308706.7175211582216
               0.0497000000000          308693.6465022657649
               0.0498000000000          308680.3897494659759
               0.0499000000000          308666.9508538871305
               0.0500000000000          308653.3338699793676
               0.0501000000000          308639.5428521928261
               0.0502000000000          308625.5818549776450
               0.0503000000000          308611.4549327839050
               0.0504000000000          308597.1661400618032
               0.0505000000000          308582.7195312613621
               0.0506000000000          308568.1191608327790
               0.0507000000000          308553.3690832261927
               0.0508000000000          308538.4733528916840
               0.0509000000000          308523.4360242793919
               0.0510000000000          308508.2611518395133
               0.0511000000000          308492.9527900220710
               0.0512000000000          308477.5149932772620
               0.0513000000000          308461.9518160551670
               0.0514000000000          308446.2673128059250
               0.0515000000000          308430.4655379796750
               0.0516000000000          308414.5505460265558
               0.0517000000000          308398.5263913967065
               0.0518000000000          308382.3971285402076
               0.0519000000000          308366.1668119071983
               0.0520000000000          308349.8394959478173
               0.0521000000000          308333.4192351121455
               0.0522000000000          308316.9100838503800
               0.0523000000000          308300.3160966126597
               0.0524000000000          308283.6413278490072
               0.0525000000000          308266.8898085289984
               0.0526000000000          308250.0637529118103
               0.0527000000000          308233.1622958071530
               0.0528000000000          308216.1842737328261
               0.0529000000000          308199.1285232065711
               0.0530000000000          308181.9938807462458
               0.0531000000000          308164.7791828697082
               0.0532000000000          308147.4832660946995
               0.0533000000000          308130.1049669390777
               0.0534000000000          308112.6431219205842
               0.0535000000000          308095.0965675571351
               0.0536000000000          308077.4641403664136
               0.0537000000000          308059.7446768663358
               0.0538000000000          308041.9370135747013
               0.0539000000000          308024.0399870092515
               0.0540000000000          308006.0524336878443
               0.0541000000000          307987.9731901282794
               0.0542000000000          307969.8010928483563
               0.0543000000000          307951.5349783659331
               0.0544000000000          307933.1736831987510
               0.0545000000000          307914.7160438647261
               0.0546000000000          307896.1608968815417
               0.0547000000000          307877.5070787670556
               0.0548000000000          307858.7534260391258
               0.0549000000000          307839.8987752154935
               0.0550000000000          307820.9419628140167
               0.0551000000000          307801.8818253524951
               0.0552000000000          307782.7171993487282
               0.0553000000000          307763.4469347869745
               0.0554000000000          307744.0704051599605
               0.0555000000000          307724.5876640161732
               0.0556000000000          307704.9988103536307
               0.0557000000000          307685.3039431701764
               0.0558000000000          307665.5031614636537
               0.0559000000000          307645.5965642320225
               0.0560000000000          307625.5842504731263
               0.0561000000000          307605.4663191848667
               0.0562000000000          307585.2428693650872
               0.0563000000000          307564.9140000118059
               0.0564000000000          307544.4798101228080
               0.0565000000000          307523.9403986959951
               0.0566000000000          307503.2958647292107
               0.0567000000000          307482.5463072204730
               0.0568000000000          307461.6918251675670
               0.0569000000000          307440.7325175683945
               0.0570000000000          307419.6684834209154
               0.0571000000000          307398.4998217229149
               0.0572000000000          307377.2266314723529
               0.0573000000000          307355.8490116671310
               0.0574000000000          307334.3670613050926
               0.0575000000000          307312.7808793841396
               0.0576000000000          307291.0905649021151
               0.0577000000000          307269.2962168569793
               0.0578000000000          307247.3979342466337
               0.0579000000000          307225.3958160689217
               0.0580000000000          307203.2899613217451
               0.0581000000000          307181.0803039742168
               0.0582000000000          307158.7629823343595
               0.0583000000000          307136.3303390488727
               0.0584000000000          307113.7745517358999
               0.0585000000000          307091.0877980134101
               0.0586000000000          307068.2622554994305
               0.0587000000000          307045.2901018120465
               0.0588000000000          307022.1635145692271
               0.0589000000000          306998.8746713890578
               0.0590000000000          306975.4157498896238
               0.0591000000000          306951.7789276888361
               0.0592000000000          306927.9563824048382
               0.0593000000000          306903.9402916556573
               0.0594000000000          306879.7228330592625
               0.0595000000000          306855.2961842337390
               0.0596000000000          306830.6525227971142
               0.0597000000000          306805.7840263674152
               0.0598000000000          306780.6828725626692
               0.0599000000000          306755.3412390009617
               0.0600000000000          306729.7513033002615
               0.0601000000000          306703.9052430787124
               0.0602000000000          306677.7952359542251
               0.0603000000000          306651.4134595449432
               0.0604000000000          306624.7520914687775
               0.0605000000000          306597.8033093439299
               0.0606000000000          306570.5592907882528
               0.0607000000000          306543.0122134199482
               0.0608000000000          306515.1542548569851
               0.0609000000000          306486.9785172860138
               0.0610000000000          306458.4919371810392
               0.0611000000000          306429.7121006773668
               0.0612000000000          306400.6568678568001
               0.0613000000000          306371.3440988010261
               0.0614000000000          306341.7916535917902
               0.0615000000000          306312.0173923108377
               0.0616000000000          306282.0391750398558
               0.0617000000000          306251.8748618605896
               0.0618000000000          306221.5423128547845
               0.0619000000000          306191.0593881041859
               0.0620000000000          306160.4439476904226
               0.0621000000000          306129.7138516953564
               0.0622000000000          306098.8869602006162
               0.0623000000000          306067.9811332879472
               0.0624000000000          306037.0142310391529
               0.0625000000000          306006.0041135358624
               0.0626000000000          305974.9686408598209
               0.0627000000000          305943.9256730928319
               0.0628000000000          305912.8930703165242
               0.0629000000000          305881.8886926127016
               0.0630000000000          305850.9304000630509
               0.0631000000000          305820.0360527493176
               0.0632000000000          305789.2235107532470
               0.0633000000000          305758.5106341564679
               0.0634000000000          305727.9152830408420
               0.0635000000000          305697.4553174879984
               0.0636000000000          305667.1485975797405
               0.0637000000000          305637.0117264467990
               0.0638000000000          305607.0483309420524
               0.0639000000000          305577.2543826107867
               0.0640000000000          305547.6257540545193
               0.0641000000000          305518.1583178747678
               0.0642000000000          305488.8479466731078
               0.0643000000000          305459.6905130511150
               0.0644000000000          305430.6818896103068
               0.0645000000000          305401.8179489523172
               0.0646000000000          305373.0945636786055
               0.0647000000000          305344.5076063907472
               0.0648000000000          305316.0529496903182
               0.0649000000000          305287.7264661788940
               0.0650000000000          305259.5240284579922
               0.0651000000000          305231.4415091291303
               0.0652000000000          305203.4747807939420
               0.0653000000000          305175.6197160539450
               0.0654000000000          305147.8721875107149
               0.0655000000000          305120.2280677657691
               0.0656000000000          305092.6832294206833
               0.0657000000000          305065.2335450769751
               0.0658000000000          305037.8748873362783
               0.0659000000000          305010.6031288000522
               0.0660000000000          304983.4141420699307
               0.0661000000000          304956.3037997474312
               0.0662000000000          304929.2679744340712
               0.0663000000000          304902.3025387314847
               0.0664000000000          304875.4033652411890
               0.0665000000000          304848.5663929505390
               0.0666000000000          304821.7880514794961
               0.0667000000000          304795.0649903510930
               0.0668000000000          304768.3938601255068
               0.0669000000000          304741.7713113630889
               0.0670000000000          304715.1939946239581
               0.0671000000000          304688.6585604684660
               0.0672000000000          304662.1616594568477
               0.0673000000000          304635.6999421493383
               0.0674000000000          304609.2700591062312
               0.0675000000000          304582.8686608877033
               0.0676000000000          304556.4923980540480
               0.0677000000000          304530.1379211655003
               0.0678000000000          304503.8018807823537
               0.0679000000000          304477.4809274648433
               0.0680000000000          304451.1717117732042
               0.0681000000000          304424.8708842676715
               0.0682000000000          304398.5750955084804
               0.0683000000000          304372.2809960559825
               0.0684000000000          304345.9852364703547
               0.0685000000000          304319.6844673118903
               0.0686000000000          304293.3753391407663
               0.0687000000000          304267.0545025172760
               0.0688000000000          304240.7186080017127
               0.0689000000000          304214.3643061542534
               0.0690000000000          304187.9882475352497
               0.0691000000000          304161.5870827048202
               0.0692000000000          304135.1574622233748
               0.0693000000000          304108.6960618057637
               0.0694000000000          304082.1996932235197
               0.0695000000000          304055.6652140374063
               0.0696000000000          304029.0894818425295
               0.0697000000000          304002.4693542342284
               0.0698000000000          303975.8016888076672
               0.0699000000000          303949.0833431580686
               0.0700000000000          303922.3111748805968
               0.0701000000000          303895.4820415705326
               0.0702000000000          303868.5928008230985
               0.0703000000000          303841.6403102334589
               0.0704000000000          303814.6214273968944
               0.0705000000000          303787.5330099085695
               0.0706000000000          303760.3719153637649
               0.0707000000000          303733.1350013575866
               0.0708000000000          303705.8191254853737
               0.0709000000000          303678.4211453422904
               0.0710000000000          303650.9379185235011
               0.0711000000000          303623.3663026243448
               0.0712000000000          303595.7031552399276
               0.0713000000000          303567.9453339655302
               0.0714000000000          303540.0896963963169
               0.0715000000000          303512.1331001275685
               0.0716000000000          303484.0724027544493
               0.0717000000000          303455.9044618721819
               0.0718000000000          303427.6261350760469
               0.0719000000000          303399.2342799611506
               0.0720000000000          303370.7257541228319
               0.0721000000000          303342.0980141534819
               0.0722000000000          303313.3509126348072
               0.0723000000000          303284.4849011455080
               0.0724000000000          303255.5004312645760
               0.0725000000000          303226.3979545708862
               0.0726000000000          303197.1779226431972
               0.0727000000000          303167.8407870604424
               0.0728000000000          303138.3869994014967
               0.0729000000000          303108.8170112451771
               0.0730000000000          303079.1312741704169
               0.0731000000000          303049.3302397560328
               0.0732000000000          303019.4143595809001
               0.0733000000000          302989.3840852238354
               0.0734000000000          302959.2398682637722
               0.0735000000000          302928.9821602795855
               0.0736000000000          302898.6114128500340
               0.0737000000000          302868.1280775541090
               0.0738000000000          302837.5326059706276
               0.0739000000000          302806.8254496784066
               0.0740000000000          302776.0070602563792
               0.0741000000000          302745.0778892833623
               0.0742000000000          302714.0383883382892
               0.0743000000000          302682.8890089999186
               0.0744000000000          302651.6302028471837
               0.0745000000000          302620.2624214589596
               0.0746000000000          302588.7861164141214
               0.0747000000000          302557.2017392914277
               0.0748000000000          302525.5097432861803
               0.0749000000000          302493.7127264532610
               0.0750000000000          302461.8196600067313
               0.0751000000000          302429.8406934594386
               0.0752000000000          302397.7859763244051
               0.0753000000000          302365.6656581146526
               0.0754000000000          302333.4898883430869
               0.0755000000000          302301.2688165226718
               0.0756000000000          302269.0125921664294
               0.0757000000000          302236.7313647872652
               0.0758000000000          302204.4352838982013
               0.0759000000000          302172.1344990122016
               0.0760000000000          302139.8391596421716
               0.0761000000000          302107.5594153011916
               0.0762000000000          302075.3054155021091
               0.0763000000000          302043.0873097580043
               0.0764000000000          302010.9152475817828
               0.0765000000000          301978.7993784864084
               0.0766000000000          301946.7498519849032
               0.0767000000000          301914.7768175901729
               0.0768000000000          301882.8904248152394
               0.0769000000000          301851.1008231730084
               0.0770000000000          301819.4181621765601
               0.0771000000000          301787.8525913387421
               0.0772000000000          301756.4142601725762
               0.0773000000000          301725.1133181910263
               0.0774000000000          301693.9599149070564
               0.0775000000000          301662.9641998336301
               0.0776000000000          301632.1363125279313
               0.0777000000000          301601.4842819073820
               0.0778000000000          301571.0114277738612
               0.0779000000000          301540.7204327549553
               0.0780000000000          301510.6139794781921
               0.0781000000000          301480.6947505712160
               0.0782000000000          301450.9654286615551
               0.0783000000000          301421.4286963767954
               0.0784000000000          301392.0872363445815
               0.0785000000000          301362.9437311924994
               0.0786000000000          301334.0008635480190
               0.0787000000000          301305.2613160388428
               0.0788000000000          301276.7277712925570
               0.0789000000000          301248.4029119366896
               0.0790000000000          301220.2894205988268
               0.0791000000000          301192.3899799065548
               0.0792000000000          301164.7072724875179
               0.0793000000000          301137.2439809692441
               0.0794000000000          301110.0027879793197
               0.0795000000000          301082.9863761453307
               0.0796000000000          301056.1974280948634
               0.0797000000000          301029.6386264555622
               0.0798000000000          301003.3126538549550
               0.0799000000000          300977.2221929205698
               0.0800000000000          300951.3699262801092
               0.0801000000000          300925.7585365611012
               0.0802000000000          300900.3907063911320
               0.0803000000000          300875.2691183977877
               0.0804000000000          300850.3963753166026
               0.0805000000000          300825.7688986044959
               0.0806000000000          300801.3726320222486
               0.0807000000000          300777.1925044054515
               0.0808000000000          300753.2134445898118
               0.0809000000000          300729.4203814108623
               0.0810000000000          300705.7982437043102
               0.0811000000000          300682.3319603058044
               0.0812000000000          300659.0064600509359
               0.0813000000000          300635.8066717752954
               0.0814000000000          300612.7175243145903
               0.0815000000000          300589.7239465044695
               0.0816000000000          300566.8108671805239
               0.0817000000000          300543.9632151783444
               0.0818000000000          300521.1659193336382
               0.0819000000000          300498.4039084820542
               0.0820000000000          300475.6621114591253
               0.0821000000000          300452.9254571006168
               0.0822000000000          300430.1788742420613
               0.0823000000000          300407.4072917191079
               0.0824000000000          300384.5956383674056
               0.0825000000000          300361.7288430226035
               0.0826000000000          300338.7918345202925
               0.0827000000000          300315.7695416961215
               0.0828000000000          300292.6468933857977
               0.0829000000000          300269.4088184248540
               0.0830000000000          300246.0402456489974
               0.0831000000000          300222.5261038937606
               0.0832000000000          300198.8514949197415
               0.0833000000000          300175.0082429393078
               0.0834000000000          300150.9969048681087
               0.0835000000000          300126.8186212427681
               0.0836000000000          300102.4745326002012
               0.0837000000000          300077.9657794770901
               0.0838000000000          300053.2935024102335
               0.0839000000000          300028.4588419363135
               0.0840000000000          300003.4629385922453
               0.0841000000000          299978.3069329147111
               0.0842000000000          299952.9919654404512
               0.0843000000000          299927.5191767062643
               0.0844000000000          299901.8897072488908
               0.0845000000000          299876.1046976051875
               0.0846000000000          299850.1652883117786
               0.0847000000000          299824.0726199055789
               0.0848000000000          299797.8278329232126
               0.0849000000000          299771.4320679015946
               0.0850000000000          299744.8864653773489
               0.0851000000000          299718.1921658873325
               0.0852000000000          299691.3503099682857
               0.0853000000000          299664.3620381569490
               0.0854000000000          299637.2284909901209
               0.0855000000000          299609.9508090046002
               0.0856000000000          299582.5301327370689
               0.0857000000000          299554.9676027243258
               0.0858000000000          299527.2643595031695
               0.0859000000000          299499.4215436103987
               0.0860000000000          299471.4403264377615
               0.0861000000000          299443.3225890448084
               0.0862000000000          299415.0709221584839
               0.0863000000000          299386.6879473608569
               0.0864000000000          299358.1762862340547
               0.0865000000000          299329.5385603601462
               0.0866000000000          299300.7773913212586
               0.0867000000000          299271.8954006995191
               0.0868000000000          299242.8952100769384
               0.0869000000000          299213.7794410357019
               0.0870000000000          299184.5507151578204
               0.0871000000000          299155.2116540254792
               0.0872000000000          299125.7648792206892
               0.0873000000000          299096.2130123255774
               0.0874000000000          299066.5586749222712
               0.0875000000000          299036.8044885928393
               0.0876000000000          299006.9530749194091
               0.0877000000000          298977.0070554839913
               0.0878000000000          298946.9690518687712
               0.0879000000000          298916.8416856558761
               0.0880000000000          298886.6275784272584
               0.0881000000000          298856.3293517651036
               0.0882000000000          298825.9496272515389
               0.0883000000000          298795.4910264686332
               0.0884000000000          298764.9561709984555
               0.0885000000000          298734.3476824231329
               0.0886000000000          298703.6681823246763
               0.0887000000000          298672.9202922853292
               0.0888000000000          298642.1069274592446
               0.0889000000000          298611.2353957103333
               0.0890000000000          298580.3163864187663
               0.0891000000000          298549.3606759492541
               0.0892000000000          298518.3790406663902
               0.0893000000000          298487.3822569348849
               0.0894000000000          298456.3811011193320
               0.0895000000000          298425.3863495843834
               0.0896000000000          298394.4087786946911
               0.0897000000000          298363.4591648149071
               0.0898000000000          298332.5482843096252
               0.0899000000000          298301.6869135435554
               0.0900000000000          298270.8858288812917
               0.0901000000000          298240.1558066875441
               0.0902000000000          298209.5076233268483
               0.0903000000000          298178.9520551638561
               0.0904000000000          298148.4998785633361
               0.0905000000000          298118.1618698898237
               0.0906000000000          298087.9488055079710
               0.0907000000000          298057.8714617824298
               0.0908000000000          298027.9406150778523
               0.0909000000000          297998.1670417588903
               0.0910000000000          297968.5615181901958
               0.0911000000000          297939.1348207363626
               0.0912000000000          297909.8977257620427
               0.0913000000000          297880.8610096318880
               0.0914000000000          297852.0354487105506
               0.0915000000000          297823.4318193626823
               0.0916000000000          297795.0600396977388
               0.0917000000000          297766.9211675291881
               0.0918000000000          297739.0110335711506
               0.0919000000000          297711.3254009784432
               0.0920000000000          297683.8600329057663
               0.0921000000000          297656.6106925078784
               0.0922000000000          297629.5731429394800
               0.0923000000000          297602.7431473553879
               0.0924000000000          297576.1164689103025
               0.0925000000000          297549.6888707590406
               0.0926000000000          297523.4561160561861
               0.0927000000000          297497.4139679566142
               0.0928000000000          297471.5581896150252
               0.0929000000000          297445.8845441861777
               0.0930000000000          297420.3887948248303
               0.0931000000000          297395.0667046856834
               0.0932000000000          297369.9140369234956
               0.0933000000000          297344.9265546930255
               0.0934000000000          297320.1000211489736
               0.0935000000000          297295.4301994461566
               0.0936000000000          297270.9128527392750
               0.0937000000000          297246.5437441830873
               0.0938000000000          297222.3186369322939
               0.0939000000000          297198.2332941416535
               0.0940000000000          297174.2834789659828
               0.0941000000000          297150.4649545599241
               0.0942000000000          297126.7734840782941
               0.0943000000000          297103.2048306757933
               0.0944000000000          297079.7546681648237
               0.0945000000000          297056.4180100623053
               0.0946000000000          297033.1895739385509
               0.0947000000000          297010.0640759680537
               0.0948000000000          296987.0362323251902
               0.0949000000000          296964.1007591843954
               0.0950000000000          296941.2523727201042
               0.0951000000000          296918.4857891067513
               0.0952000000000          296895.7957245187135
               0.0953000000000          296873.1768951304257
               0.0954000000000          296850.6240171163809
               0.0955000000000          296828.1318066508975
               0.0956000000000          296805.6949799085269
               0.0957000000000          296783.3082530635293
               0.0958000000000          296760.9663422905141
               0.0959000000000          296738.6639637637418
               0.0960000000000          296716.3958336577634
               0.0961000000000          296694.1566681468976
               0.0962000000000          296671.9411834056373
               0.0963000000000          296649.7440956083592
               0.0964000000000          296627.5601209295564
               0.0965000000000          296605.3839755436056
               0.0966000000000          296583.2103756249417
               0.0967000000000          296561.0340373479412
               0.0968000000000          296538.8496768870973
               0.0969000000000          296516.6520104168449
               0.0970000000000          296494.4357541115605
               0.0971000000000          296472.1956241456210
               0.0972000000000          296449.9263622283470
               0.0973000000000          296427.6228481811704
               0.0974000000000          296405.2800083064940
               0.0975000000000          296382.8927689418197
               0.0976000000000          296360.4560564247658
               0.0977000000000          296337.9647970927181
               0.0978000000000          296315.4139172832365
               0.0979000000000          296292.7983433338231
               0.0980000000000          296270.1130015819799
               0.0981000000000          296247.3528183652088
               0.0982000000000          296224.5127200210118
               0.0983000000000          296201.5876328868908
               0.0984000000000          296178.5724833004060
               0.0985000000000          296155.4621975990594
               0.0986000000000          296132.2517021202366
               0.0987000000000          296108.9359232016141
               0.0988000000000          296085.5097871805774
               0.0989000000000          296061.9682203946286
               0.0990000000000          296038.3061491813860
               0.0991000000000          296014.5184998782352
               0.0992000000000          295990.6001988227945
               0.0993000000000          295966.5461723524495
               0.0994000000000          295942.3513468048186
               0.0995000000000          295918.0106485173455
               0.0996000000000          295893.5190038275323
               0.0997000000000          295868.8713390728808
               0.0998000000000          295844.0625805909513
               0.0999000000000          295844.0625805909513
               0.1000000000000          295844.0625805909513
